15.22757150953887	9.700637896681979	18.40034521071592	8.797522034837456	8.391972892144572
13.815154150851445	8.767047867059972	12.13699623612608	14.594318603512225	18.795022427243282
19.737710491838737	14.123609535752976	16.99837446835961	8.298916877176655	9.473265358633034
3.617800697824398	8.914342172044893	21.06772674888916	1.6115310005886414	8.729960285439581
11.797415140150871	11.77573899636563	5.643110803812875	6.3836280135003065	9.442396943270477
3.254393831390444	7.152557905237203	12.794802791214936	10.535676110314519	7.5920483837803445
10.624069194063376	10.849201367297075	10.77430408130158	11.400224592572751	6.892499789636867
0.9008285907705815	3.3217690363564047	15.425666543941116	5.2866589510982855	13.961430650496395
9.273851587566458	19.284189188872293	14.630910133948067	12.912815374829055	8.904181241512148
16.630646105434554	8.353409119005912	10.10598346816467	11.28379396078654	10.84772103379654
6.430380464459214	10.411449522415694	-1.8140736929724532	15.095177162884609	12.560541305102717
4.6437611312684846	9.52372779834589	6.713120852305249	4.430754210414146	7.2071338525631505
11.493963194329286	15.26836807254368	7.909650918820844	10.850738312072549	14.556478933074729
10.857274878295046	5.658906274114085	10.059422672899863	13.795322688861702	5.40218841880724
3.1469918796901277	4.452498824793734	7.275037052174659	14.328495419451816	15.653912541932238
24.653929360951576	7.823457001275136	11.299041036884839	8.867432428633794	3.875412900649575
4.298588618490605	6.463103006468466	8.502716105333564	2.4946529985134793	9.871344029606087
13.104669764238873	11.840560679241044	8.651857085243535	14.597111435995847	7.720932584120624
-0.4900842405049115	11.497081387092003	9.316944225031321	14.4417488504735	5.539081146766398
-2.596038038388526	10.654495329397074	4.425715871914322	13.910509632237302	5.4103306164528355
6.151293750190968	10.064368126714681	9.29243153766274	13.964494639385663	6.7470006558314175
5.2862310953186835	13.215888225059345	7.410994395558518	7.1259243778552674	6.7384309181438455
12.189613148273729	8.057602760852209	-1.55620529098071	11.647732290547538	8.697655489622456
12.603252819627322	18.442476955824098	6.930603044618617	14.876439765205898	9.424462028880498
8.21251647149958	10.27995963366826	19.871800123689628	16.206712542450333	9.488308041898573
9.478752836853714	12.27701230843365	11.439512923322626	14.53855378138167	13.079363846222904
7.546855635345464	11.710059222618536	6.145473478728505	10.800499104314703	8.251681088930376
12.041841409702329	11.86340620267537	5.582525318071991	3.9798969470832013	1.100676838041748
19.587590108892645	11.417763922256395	7.082620435292041	5.385069365650326	12.719156818041029
10.047403235306788	10.91787997563768	11.462162002886783	8.31826119308015	14.383251029992394
10.143078529575254	20.202198404076704	6.573038017920066	4.235779135210339	9.630354616764432
3.44285809991442	3.797257095148277	11.10005340840035	12.85743301363084	1.045599659885072
3.2636795763368784	11.509811813578064	10.992799344423306	9.423191690383977	12.09125126242111
5.005980437790473	17.768073807050442	4.959686018556999	6.816618617343492	9.892562254911837
21.13076603977891	7.529235974767542	10.553776505110207	1.2437159652323224	5.116123484021674
11.898731816779275	16.72086462885578	11.062945320340743	19.86944259522607	12.027658634330216
3.002118440518676	7.132222430410413	3.014019803412376	2.6102843567550433	15.5368634358804
7.444603665869186	14.491237174713206	12.640348418693149	13.240900881988965	18.856170921910916
10.355099071315237	4.479796937802116	5.888162312763214	9.946506884734822	6.3590913301586305
17.595936661200128	8.999878899854583	13.18411039421128	3.730028305473219	5.943516478430498
12.823495316593092	9.47198175299864	8.169270813364713	10.396043641940429	12.239833365850679
10.419944992704336	-2.7282538928837425	13.838905886660502	10.056251304412612	2.0008445014946963
18.673290369718774	17.410611200255786	14.341730181347016	16.443323382456757	13.911932640411733
18.56338243303953	10.597936352995422	7.9296664125971095	4.735530795965973	7.358192287410372
9.058182581281605	14.10709260349766	8.277545017005322	7.232105771918184	10.622625886482792
7.691685558745323	11.312751276340093	11.721596936333633	5.532937512335283	15.060302825398914
13.390362372585777	14.331397874030932	4.129354180537158	10.058415675321731	6.666036887108356
5.641450241986828	22.14763052582742	6.135830401779865	15.971808542308926	8.216736606542778
11.748499317929562	5.845778436681959	4.669914504053541	12.046587802586046	10.9963258130862
13.57410785098963	4.782311222080691	6.11385967791785	7.50115690009873	10.638593472089001
9.77405710770631	8.124302277399925	-0.47570628934617076	7.368505486829848	-1.0157936090686697
6.164959326158459	9.849996827506864	20.62475909798195	12.796955065522537	12.701190352195683
11.505057375238144	16.869677267489408	5.625520977473573	12.125904853302691	10.739226982540558
13.54826208829715	19.784384448372673	9.27522065657238	14.680135381098939	19.925844765065584
12.85615302815362	9.365709259258544	2.8355354990111	10.031828832941283	14.23685229111004
14.34581408903794	4.203155842991155	13.547163598047344	14.696942184413476	7.255290513382649
9.475804703017191	3.703799808248278	6.383382539367963	13.96844772699737	6.0569130285251465
6.223020773686301	9.66593678358033	7.8615414981135405	7.135603921777015	5.840119952348607
6.224471939286017	8.797402625285475	13.994694839687373	13.290515015544457	0.7561492346943766
18.73090459629638	6.957509992585782	4.852330708769862	15.663126792793511	13.177077255813282
7.33817105731439	10.908746932240563	4.815211800394631	-6.000733937176687	12.117558595576103
6.60820135837794	7.438928370518908	10.238484738164553	4.364029452655838	7.082312227339995
2.4904552482551123	15.124149220045725	12.949570250989327	9.534741828777301	2.3156911502473188
9.43390496220833	9.163249222685128	14.904980023889271	10.16593419010608	10.110995407361365
9.174745162553776	17.815197480964954	13.397583653035877	8.61259273300321	-5.334261950989612
2.1364114049301097	15.25408350884075	11.248574651092325	19.561916755063937	10.71996301417574
11.215136108799278	11.799795318970844	4.2571376329091954	5.80565627174664	17.297848255765217
17.878446286574572	6.715495633404938	11.88358895349654	14.144255741329781	7.4021193756251344
14.681639405860516	5.950478681031222	8.058654776105083	11.657618110263387	10.563454499131053
13.481771330441532	11.010871742757832	6.737122236533956	16.963413296674073	5.367198126726096
11.088779737225453	2.31961937164729	13.08877366092765	7.134015561792688	9.131302151420297
6.5820830533344505	9.207730462036077	16.562735288866172	6.092074098607938	7.110236936474491
22.600642447613353	0.07105251964866355	8.13124828525001	11.289294463213949	2.7240784364739454
13.22100117892931	11.094706150476483	9.703300972981719	2.1026096980168205	3.525997739199597
5.883920887184506	5.783210106389341	12.905560406151139	6.049208645315019	17.475121011130685
5.620344342430707	7.244256407163313	12.144376316764541	12.377007382470984	8.739361578884562
6.592911972900643	6.741783379623831	14.549814442098354	16.49433006123033	5.322043718847963
7.253283877617647	12.742813065922844	9.6924647002488	10.162778742308411	22.441375572354726
10.179042616050344	12.07579099874794	16.946525569593355	7.5498959212777	10.669377959343286
9.771606833166985	10.616482958327902	8.59608640802642	17.34686063920114	10.069306749235448
14.55993490732724	17.534677719002943	9.892763254831802	13.055330663803975	9.90994482782414
14.987796608637261	2.6049089723513683	4.0250902278689065	19.500693720110213	13.889334516322219
2.6294695487828657	5.5622457938297565	5.212896988689341	10.32321423557695	8.70283139199468
11.047644836572864	3.684714710495393	3.0909187332110246	-2.3944096485323634	12.097150887923435
13.136676481464976	15.396512875123697	13.186666505808493	10.841148631803645	8.604260830161415
12.085689631681321	0.6689671728084896	8.814660673585564	9.119200162017874	2.330318071856433
17.010923257616625	10.084832297366496	11.193953028344302	14.390011067007908	7.24343505330019
10.89362137844099	8.210835395464203	11.597556046648858	2.2195572936132173	16.2728053226137
17.813394393072368	13.260903195580312	8.352686542433005	13.090271063598768	14.087272266242548
7.8831628670180605	10.422875202624006	12.39286330247005	-0.49611090098957256	4.20196701795224
7.883441162238286	7.5520541434407455	12.598343872768897	12.040132116016004	6.846593117976983
16.868900097656997	0.8782587532074757	17.373069308305006	-3.0644829400231703	6.063019928861827
7.821711184363618	2.5234247434683565	17.800062694150373	16.098534790170085	5.627967300341325
12.976190060114217	5.4323708551895304	-0.9086446725866377	11.205702271954898	10.289905304550564
6.040657652710997	10.080905582653893	7.497925853601025	6.650280837301997	12.250441680658934
15.047946146399909	6.781203387481983	1.9239426129996335	18.86273290232939	8.018865254947244
8.0815861310795	14.586039801541506	13.62530483731053	17.723907733819082	13.219081521759453
11.185433805218775	10.413598807653948	16.32392878122604	6.171158836569532	14.800703767249093
10.881978558147528	8.994647557572344	16.3367857555326	7.625993795345018	10.253050885204894
7.5131620493447695	9.939164752164388	14.04631990660287	9.321630883211203	6.132962860039829
